Brown+2018 Fig. 2
No galaxies: 9720
x(a)= array([[8.5269193 , 8.63591496, 8.73306472, 8.83130002, 8.94386887],
       [8.62676895, 8.74308516, 8.84073958, 8.93033363, 9.01730014],
       [8.71041218, 8.84353363, 8.9429682 , 9.01901594, 9.07653423],
       [8.8472105 , 8.95934527, 9.02721063, 9.07482544, 9.11738508],
       [8.90455421, 9.02026146, 9.06661387, 9.10590682, 9.13864534]])
y(a)= array([[9.584838, 9.500613, 9.451575, 9.277718, 9.138853],
       [9.617732, 9.567413, 9.473464, 9.396544, 9.1794  ],
       [9.746137, 9.667254, 9.55815 , 9.514284, 9.488832],
       [9.890866, 9.759902, 9.7047  , 9.606975, 9.63082 ],
       [9.869729, 9.952108, 9.952228, 9.785645, 9.796918]], dtype=float32)
SEM(a)= array([[0.02108402, 0.03229053, 0.05105627, 0.04206028, 0.09794354],
       [0.04639167, 0.02564603, 0.01557075, 0.01662699, 0.04085454],
       [0.02692561, 0.01665128, 0.01130042, 0.01863426, 0.05467354],
       [0.05723125, 0.02395926, 0.01781278, 0.03080117, 0.03944806],
       [0.05187142, 0.02090908, 0.02535947, 0.0460108 , 0.05991229]])
x(b)= array([[8.5269193 , 8.63591496, 8.73306472, 8.83130002, 8.94386887],
       [8.62676895, 8.74308516, 8.84073958, 8.93033363, 9.01730014],
       [8.71041218, 8.84353363, 8.9429682 , 9.01901594, 9.07653423],
       [8.8472105 , 8.95934527, 9.02721063, 9.07482544, 9.11738508],
       [8.90455421, 9.02026146, 9.06661387, 9.10590682, 9.13864534]])
y(b)= array([[-0.24427614, -0.36764491, -0.40624291, -0.50491464, -0.5828706 ],
       [-0.19092435, -0.21819066, -0.28762451, -0.35137901, -0.42056459],
       [-0.01259315, -0.08095242, -0.09327781, -0.08007833, -0.04301339],
       [ 0.10225677,  0.1074829 ,  0.16428426,  0.21410538,  0.22379173],
       [ 0.31344086,  0.40039095,  0.46808931,  0.48884016,  0.61967838]])
SEM(b)= array([[0.01773725, 0.00919007, 0.00753899, 0.00896967, 0.02062076],
       [0.02026638, 0.00989807, 0.00734987, 0.00885413, 0.02041802],
       [0.0236282 , 0.01112542, 0.00912675, 0.01141068, 0.02244307],
       [0.03502168, 0.01582952, 0.01351699, 0.0166733 , 0.03191834],
       [0.05216198, 0.02661424, 0.02151379, 0.03404219, 0.05224004]])
x(c)= array([[8.5269193 , 8.63591496, 8.73306472, 8.83130002, 8.94386887],
       [8.62676895, 8.74308516, 8.84073958, 8.93033363, 9.01730014],
       [8.71041218, 8.84353363, 8.9429682 , 9.01901594, 9.07653423],
       [8.8472105 , 8.95934527, 9.02721063, 9.07482544, 9.11738508],
       [8.90455421, 9.02026146, 9.06661387, 9.10590682, 9.13864534]])
y(c)= array([[-0.97383505, -1.217138  , -1.29521983, -1.36020282, -1.18098819],
       [-0.93150226, -1.05737091, -1.14150804, -1.10252133, -0.9969393 ],
       [-0.72591108, -0.84071501, -0.8656232 , -0.82177585, -0.75423719],
       [-0.57035172, -0.607892  , -0.63715911, -0.59128348, -0.57828822],
       [-0.3942819 , -0.45136832, -0.42109239, -0.35152078, -0.26158339]])
SEM(c)= array([[0.03052026, 0.01509327, 0.01267774, 0.01690982, 0.03252447],
       [0.03056771, 0.01480742, 0.01202   , 0.01637267, 0.03188362],
       [0.03212339, 0.01666344, 0.01265575, 0.01591321, 0.03056805],
       [0.05157382, 0.02285975, 0.01619666, 0.02200337, 0.04608546],
       [0.07956917, 0.03748809, 0.03010659, 0.03782043, 0.0747303 ]])
x(d)= array([[8.30813694, 8.49601364, 8.64163685, 8.76117706, 8.92170811],
       [8.48487282, 8.65806389, 8.77728176, 8.89716339, 9.01211739],
       [8.63264561, 8.79163647, 8.91917706, 9.02122498, 9.10116386],
       [8.7979784 , 8.94610214, 9.03472137, 9.10390091, 9.15997982],
       [8.86643028, 9.04161263, 9.11518478, 9.16330051, 9.23929882]])
y(d)= array([[9.604771 , 9.4877   , 9.416951 , 9.321125 , 9.137988 ],
       [9.603331 , 9.55588  , 9.492749 , 9.369254 , 9.183004 ],
       [9.707516 , 9.676149 , 9.5667715, 9.514673 , 9.430709 ],
       [9.856502 , 9.74081  , 9.694985 , 9.696962 , 9.455493 ],
       [9.811557 , 9.949853 , 9.919384 , 9.852998 , 9.915654 ]],
      dtype=float32)
SEM(d)= array([[0.06534448, 0.03526333, 0.03670057, 0.04408124, 0.09010725],
       [0.0438097 , 0.02778762, 0.01719495, 0.01118403, 0.0533933 ],
       [0.02267934, 0.03027245, 0.01936469, 0.01144571, 0.0316019 ],
       [0.04157779, 0.02594021, 0.01813185, 0.03564208, 0.05046421],
       [0.06917669, 0.02619998, 0.03093918, 0.02674043, 0.08818091]])
x(e)= array([[8.30813694, 8.49601364, 8.64163685, 8.76117706, 8.92170811],
       [8.48487282, 8.65806389, 8.77728176, 8.89716339, 9.01211739],
       [8.63264561, 8.79163647, 8.91917706, 9.02122498, 9.10116386],
       [8.7979784 , 8.94610214, 9.03472137, 9.10390091, 9.15997982],
       [8.86643028, 9.04161263, 9.11518478, 9.16330051, 9.23929882]])
y(e)= array([[-0.37346017, -0.44871205, -0.37239021, -0.43509316, -0.53707153],
       [-0.35250989, -0.25707123, -0.26190293, -0.31504124, -0.35201207],
       [-0.16381742, -0.09333252, -0.09099109, -0.04694084,  0.00631605],
       [ 0.02592798,  0.06237233,  0.14357075,  0.25085872,  0.33981767],
       [ 0.1967915 ,  0.29885593,  0.47898531,  0.56870919,  0.57330751]])
SEM(e)= array([[0.01749256, 0.00879481, 0.00776386, 0.00972471, 0.02201443],
       [0.01757241, 0.01007151, 0.00740281, 0.00953781, 0.02083827],
       [0.02073237, 0.01199366, 0.00907835, 0.0116013 , 0.01859758],
       [0.03297523, 0.01718817, 0.01253622, 0.01621301, 0.03473447],
       [0.05184398, 0.0243564 , 0.02194888, 0.0297828 , 0.07845228]])
x(f)= array([[8.30813694, 8.49601364, 8.64163685, 8.76117706, 8.92170811],
       [8.48487282, 8.65806389, 8.77728176, 8.89716339, 9.01211739],
       [8.63264561, 8.79163647, 8.91917706, 9.02122498, 9.10116386],
       [8.7979784 , 8.94610214, 9.03472137, 9.10390091, 9.15997982],
       [8.86643028, 9.04161263, 9.11518478, 9.16330051, 9.23929882]])
y(f)= array([[-1.33913448, -1.45389212, -1.22359134, -1.18920852, -1.0470638 ],
       [-1.32635287, -1.12742547, -1.1345987 , -1.00961804, -0.84550635],
       [-1.00534429, -0.92460402, -0.85258883, -0.73341723, -0.67618328],
       [-0.74283745, -0.67514785, -0.62375805, -0.56054723, -0.43212666],
       [-0.48118904, -0.55642621, -0.37704568, -0.30813771, -0.32309191]])
SEM(f)= array([[0.02585578, 0.01538114, 0.01310015, 0.01648824, 0.02660008],
       [0.02742223, 0.01525393, 0.01208952, 0.01503129, 0.02805423],
       [0.02994151, 0.01626051, 0.01267241, 0.01500956, 0.02634842],
       [0.04774751, 0.02303795, 0.01641663, 0.01927346, 0.04765158],
       [0.09315682, 0.03531636, 0.02859172, 0.03862577, 0.06337488]])

Brown+2018 Fig 4.
No galaxies: 9720
x(a)= array([[-0.20614542, -0.09714975,  0.        ,  0.0982353 ,  0.21080415],
       [-0.21397062, -0.09765442,  0.        ,  0.08959405,  0.17656057],
       [-0.23255602, -0.09943457,  0.        ,  0.07604774,  0.13356602],
       [-0.18000013, -0.06786536,  0.        ,  0.04761481,  0.09017445],
       [-0.16205965, -0.04635241,  0.        ,  0.03929296,  0.07203147]])
y(a)= array([[ 1.3326263e-01,  4.9037933e-02,  0.0000000e+00, -1.7385769e-01,
        -3.1272221e-01],
       [ 1.4426804e-01,  9.3949318e-02,  0.0000000e+00, -7.6919556e-02,
        -2.9406357e-01],
       [ 1.8798637e-01,  1.0910416e-01,  0.0000000e+00, -4.3866158e-02,
        -6.9317818e-02],
       [ 1.8616581e-01,  5.5201530e-02,  0.0000000e+00, -9.7725868e-02,
        -7.3880196e-02],
       [-8.2498550e-02, -1.1920929e-04,  0.0000000e+00, -1.6658306e-01,
        -1.5530968e-01]], dtype=float32)
SEM(a)= array([[0.03419831, 0.03633103, 0.05229189, 0.04600329, 0.11217011],
       [0.05363931, 0.03057751, 0.01923923, 0.02497383, 0.06825166],
       [0.03807856, 0.02354847, 0.0159812 , 0.02635283, 0.07732006],
       [0.06324875, 0.02917724, 0.02109489, 0.03599927, 0.06741918],
       [0.05844341, 0.02672929, 0.02776332, 0.04964101, 0.08110905]])
x(b)= array([[-0.20614542, -0.09714975,  0.        ,  0.0982353 ,  0.21080415],
       [-0.21397062, -0.09765442,  0.        ,  0.08959405,  0.17656057],
       [-0.23255602, -0.09943457,  0.        ,  0.07604774,  0.13356602],
       [-0.18000013, -0.06786536,  0.        ,  0.04761481,  0.09017445],
       [-0.16205965, -0.04635241,  0.        ,  0.03929296,  0.07203147]])
y(b)= array([[ 0.14240038,  0.03472599,  0.        , -0.09035358, -0.12421975],
       [ 0.1075238 ,  0.05231054,  0.        , -0.05617628, -0.08853137],
       [ 0.09117598,  0.0054126 ,  0.        , -0.01133438, -0.03090948],
       [-0.03623094, -0.02733598,  0.        ,  0.00619894,  0.03191775],
       [-0.10647216, -0.05643439,  0.        , -0.01279712,  0.0316911 ]])
SEM(b)= array([[0.0467805 , 0.01771634, 0.01293498, 0.01482207, 0.02880212],
       [0.04873248, 0.01907268, 0.01293476, 0.01448223, 0.02836474],
       [0.04799734, 0.01993722, 0.01336504, 0.01499064, 0.03075294],
       [0.05514683, 0.02320956, 0.01628965, 0.01911533, 0.03847482],
       [0.07158843, 0.03261297, 0.02345518, 0.03373899, 0.05498829]])
x(c)= array([[-0.20614542, -0.09714975,  0.        ,  0.0982353 ,  0.21080415],
       [-0.21397062, -0.09765442,  0.        ,  0.08959405,  0.17656057],
       [-0.23255602, -0.09943457,  0.        ,  0.07604774,  0.13356602],
       [-0.18000013, -0.06786536,  0.        ,  0.04761481,  0.09017445],
       [-0.16205965, -0.04635241,  0.        ,  0.03929296,  0.07203147]])
y(c)= array([[ 0.32138478,  0.07808184,  0.        , -0.06498299,  0.11423165],
       [ 0.21000578,  0.08413713,  0.        ,  0.03898671,  0.14456874],
       [ 0.13971212,  0.02490819,  0.        ,  0.04384734,  0.11138601],
       [ 0.06680739,  0.02926712,  0.        ,  0.04587564,  0.0588709 ],
       [ 0.02681049, -0.03027593,  0.        ,  0.06957161,  0.159509  ]])
SEM(c)= array([[0.04431025, 0.02248281, 0.01791349, 0.02322008, 0.0446346 ],
       [0.04434295, 0.02229192, 0.01745418, 0.02283187, 0.0441698 ],
       [0.04542933, 0.02356566, 0.01789793, 0.02250467, 0.04322975],
       [0.06075995, 0.02828848, 0.0205548 , 0.02715471, 0.05530168],
       [0.08580888, 0.04102471, 0.03265846, 0.04103188, 0.08074047]])
x(d)= array([[-0.33349991, -0.14562321,  0.        ,  0.11954021,  0.28007126],
       [-0.29240894, -0.11921787,  0.        ,  0.11988163,  0.23483562],
       [-0.28653145, -0.12754059,  0.        ,  0.10204792,  0.18198681],
       [-0.23674297, -0.08861923,  0.        ,  0.06917953,  0.12525845],
       [-0.2487545 , -0.07357216,  0.        ,  0.04811573,  0.12411404]])
y(d)= array([[ 0.18781948,  0.07074928,  0.        , -0.09582615, -0.2789631 ],
       [ 0.1105814 ,  0.06313038,  0.        , -0.1234951 , -0.30974483],
       [ 0.14074421,  0.10937786,  0.        , -0.05209827, -0.13606262],
       [ 0.16151619,  0.045825  ,  0.        ,  0.00197697, -0.23949242],
       [-0.10782719,  0.03046894,  0.        , -0.06638622, -0.00372982]],
      dtype=float32)
SEM(d)= array([[0.0691683 , 0.04647498, 0.04149606, 0.04554294, 0.0954882 ],
       [0.04933196, 0.04109225, 0.02589706, 0.01600271, 0.06204454],
       [0.03207343, 0.04281171, 0.02738581, 0.01618668, 0.04469184],
       [0.04736101, 0.03986622, 0.02652839, 0.03743477, 0.05954256],
       [0.07279949, 0.04003574, 0.03649965, 0.02908702, 0.09367259]])
x(e)= array([[-0.33349991, -0.14562321,  0.        ,  0.11954021,  0.28007126],
       [-0.29240894, -0.11921787,  0.        ,  0.11988163,  0.23483562],
       [-0.28653145, -0.12754059,  0.        ,  0.10204792,  0.18198681],
       [-0.23674297, -0.08861923,  0.        ,  0.06917953,  0.12525845],
       [-0.2487545 , -0.07357216,  0.        ,  0.04811573,  0.12411404]])
y(e)= array([[ 0.009527  , -0.0764887 ,  0.        , -0.06530347, -0.12250778],
       [-0.04557638,  0.00743391,  0.        , -0.04650761, -0.06333618],
       [-0.04159341, -0.01081912,  0.        ,  0.03614395, -0.0156662 ],
       [-0.07291519, -0.0368899 ,  0.        ,  0.06311382,  0.09048498],
       [-0.14193603, -0.12180355,  0.        ,  0.03291357,  0.01374459]])
SEM(e)= array([[0.04640182, 0.0186529 , 0.01230229, 0.01524919, 0.02599   ],
       [0.04838517, 0.01975169, 0.01244123, 0.01434803, 0.02534724],
       [0.04705106, 0.02005286, 0.013053  , 0.01488443, 0.02500988],
       [0.05486266, 0.02375288, 0.01541364, 0.01622086, 0.04104841],
       [0.07092755, 0.02998788, 0.02458907, 0.02769112, 0.04982819]])
x(f)= array([[-0.33349991, -0.14562321,  0.        ,  0.11954021,  0.28007126],
       [-0.29240894, -0.11921787,  0.        ,  0.11988163,  0.23483562],
       [-0.28653145, -0.12754059,  0.        ,  0.10204792,  0.18198681],
       [-0.23674297, -0.08861923,  0.        ,  0.06917953,  0.12525845],
       [-0.2487545 , -0.07357216,  0.        ,  0.04811573,  0.12411404]])
y(f)= array([[-0.11554314, -0.23030078,  0.        ,  0.03438281,  0.17652754],
       [-0.19175417,  0.00717323,  0.        ,  0.12498066,  0.28909235],
       [-0.15275546, -0.0720152 ,  0.        ,  0.1191716 ,  0.17640555],
       [-0.1190794 , -0.0513898 ,  0.        ,  0.06321082,  0.19163139],
       [-0.10414336, -0.17938052,  0.        ,  0.06890797,  0.05395377]])
SEM(f)= array([[0.03956028, 0.02238266, 0.01822647, 0.02229684, 0.03744067],
       [0.04060139, 0.02229544, 0.01751418, 0.02124209, 0.03848739],
       [0.04234369, 0.02299583, 0.0179215 , 0.02122672, 0.0372623 ],
       [0.05635884, 0.02819842, 0.02073876, 0.02442853, 0.05445101],
       [0.09785033, 0.03887994, 0.03127422, 0.04143955, 0.06863392]])